[[       inf        inf        inf        inf        inf        inf
         inf        inf        inf        inf]
 [1.         1.22222222 1.44444444 1.66666667 1.88888889 2.11111111
  2.33333333 2.55555556 2.77777778 3.        ]]
[[      -inf       -inf       -inf       -inf       -inf       -inf
        -inf       -inf       -inf       -inf]
 [1.         1.22222222 1.44444444 1.66666667 1.88888889 2.11111111
  2.33333333 2.55555556 2.77777778 3.        ]]
[[       inf        inf        inf        inf        inf        inf
         inf        inf        inf        inf]
 [1.         1.22222222 1.44444444 1.66666667 1.88888889 2.11111111
  2.33333333 2.55555556 2.77777778 3.        ]]
[[      -inf       -inf       -inf       -inf       -inf       -inf
        -inf       -inf       -inf       -inf]
 [1.         1.22222222 1.44444444 1.66666667 1.88888889 2.11111111
  2.33333333 2.55555556 2.77777778 3.        ]]
[[       inf        inf        inf        inf        inf        inf
         inf        inf        inf        inf]
 [1.         1.22222222 1.44444444 1.66666667 1.88888889 2.11111111
  2.33333333 2.55555556 2.77777778 3.        ]]
[[      -inf       -inf       -inf       -inf       -inf       -inf
        -inf       -inf       -inf       -inf]
 [1.         1.22222222 1.44444444 1.66666667 1.88888889 2.11111111
  2.33333333 2.55555556 2.77777778 3.        ]]
